    0.0005    2.0000    1.5000    1.0000    1.0000    1.0000    1.0000    1.0000    1.0000    1.0000    1.0000    1.0000    1.0000
    0.0010    2.0000    1.6250    1.1250    1.0000    1.0000    1.0000    1.0000    1.0000    1.0000    1.0000    1.0000    1.0000
    0.0015    2.0000    1.6875    1.2188    1.0312    1.0000    1.0000    1.0000    1.0000    1.0000    1.0000    1.0000    1.0000
    0.0020    2.0000    1.7266    1.2891    1.0703    1.0078    1.0000    1.0000    1.0000    1.0000    1.0000    1.0000    1.0000
    0.0025    2.0000    1.7539    1.3438    1.1094    1.0215    1.0020    1.0000    1.0000    1.0000    1.0000    1.0000    1.0000
    0.0030    2.0000    1.7744    1.3877    1.1460    1.0386    1.0063    1.0005    1.0000    1.0000    1.0000    1.0000    1.0000
    0.0035    2.0000    1.7905    1.4240    1.1796    1.0574    1.0129    1.0018    1.0001    1.0000    1.0000    1.0000    1.0000
    0.0040    2.0000    1.8036    1.4545    1.2101    1.0768    1.0213    1.0042    1.0005    1.0000    1.0000    1.0000    1.0000
    0.0045    2.0000    1.8145    1.4807    1.2379    1.0963    1.0309    1.0075    1.0013    1.0001    1.0000    1.0000    1.0000
    0.0050    2.0000    1.8238    1.5034    1.2632    1.1153    1.0414    1.0118    1.0026    1.0004    1.0000    1.0000    1.0000
    0.0055    2.0000    1.8318    1.5235    1.2863    1.1338    1.0525    1.0169    1.0043    1.0009    1.0001    1.0000    1.0000
    0.0060    2.0000    1.8388    1.5413    1.3075    1.1516    1.0639    1.0227    1.0066    1.0015    1.0003    1.0000    1.0000
    0.0065    2.0000    1.8450    1.5572    1.3269    1.1686    1.0755    1.0290    1.0094    1.0025    1.0005    1.0001    1.0000
    0.0070    2.0000    1.8506    1.5716    1.3449    1.1849    1.0872    1.0357    1.0125    1.0037    1.0009    1.0002    1.0000
    0.0075    2.0000    1.8555    1.5847    1.3616    1.2005    1.0987    1.0428    1.0161    1.0052    1.0014    1.0003    1.0000
    0.0080    2.0000    1.8601    1.5966    1.3771    1.2153    1.1102    1.0501    1.0201    1.0070    1.0021    1.0004    1.0000
    0.0085    2.0000    1.8642    1.6076    1.3915    1.2295    1.1214    1.0576    1.0243    1.0090    1.0029    1.0006    1.0000
    0.0090    2.0000    1.8679    1.6177    1.4050    1.2430    1.1325    1.0652    1.0288    1.0113    1.0039    1.0009    1.0000
    0.0095    2.0000    1.8714    1.6271    1.4177    1.2559    1.1433    1.0730    1.0335    1.0138    1.0050    1.0012    1.0000
    0.0100    2.0000    1.8746    1.6358    1.4296    1.2682    1.1539    1.0807    1.0385    1.0165    1.0062    1.0015    1.0000
