    0.0005    2.0000    1.2929    1.0503    1.0086    1.0015    1.0003    1.0000    1.0000    1.0000    1.0000    1.0000    1.0000
    0.0010    2.0000    1.4697    1.1161    1.0260    1.0055    1.0011    1.0002    1.0000    1.0000    1.0000    1.0000    1.0000
    0.0015    2.0000    1.5802    1.1824    1.0498    1.0125    1.0029    1.0007    1.0001    1.0000    1.0000    1.0000    1.0000
    0.0020    2.0000    1.6520    1.2432    1.0774    1.0222    1.0059    1.0015    1.0004    1.0001    1.0000    1.0000    1.0000
    0.0025    2.0000    1.7007    1.2967    1.1068    1.0343    1.0101    1.0028    1.0007    1.0002    1.0000    1.0000    1.0000
    0.0030    2.0000    1.7351    1.3430    1.1364    1.0482    1.0156    1.0047    1.0013    1.0004    1.0001    1.0000    1.0000
    0.0035    2.0000    1.7605    1.3830    1.1653    1.0634    1.0221    1.0072    1.0022    1.0006    1.0002    1.0000    1.0000
    0.0040    2.0000    1.7799    1.4175    1.1930    1.0794    1.0297    1.0103    1.0033    1.0010    1.0003    1.0001    1.0000
    0.0045    2.0000    1.7953    1.4474    1.2192    1.0958    1.0381    1.0140    1.0048    1.0016    1.0005    1.0001    1.0000
    0.0050    2.0000    1.8078    1.4735    1.2438    1.1124    1.0472    1.0183    1.0067    1.0023    1.0007    1.0002    1.0000
    0.0055    2.0000    1.8183    1.4965    1.2668    1.1288    1.0568    1.0231    1.0088    1.0032    1.0011    1.0002    1.0000
    0.0060    2.0000    1.8271    1.5169    1.2882    1.1450    1.0668    1.0284    1.0113    1.0042    1.0015    1.0003    1.0000
    0.0065    2.0000    1.8348    1.5351    1.3081    1.1609    1.0770    1.0342    1.0142    1.0055    1.0020    1.0005    1.0000
    0.0070    2.0000    1.8415    1.5514    1.3267    1.1763    1.0874    1.0402    1.0173    1.0070    1.0026    1.0006    1.0000
    0.0075    2.0000    1.8475    1.5662    1.3440    1.1912    1.0979    1.0466    1.0208    1.0087    1.0033    1.0008    1.0000
    0.0080    2.0000    1.8528    1.5796    1.3602    1.2055    1.1084    1.0532    1.0245    1.0106    1.0041    1.0011    1.0000
    0.0085    2.0000    1.8576    1.5919    1.3754    1.2194    1.1188    1.0600    1.0284    1.0126    1.0051    1.0013    1.0000
    0.0090    2.0000    1.8619    1.6032    1.3896    1.2327    1.1292    1.0670    1.0326    1.0149    1.0061    1.0016    1.0000
    0.0095    2.0000    1.8659    1.6136    1.4029    1.2455    1.1394    1.0740    1.0369    1.0173    1.0073    1.0020    1.0000
    0.0100    2.0000    1.8695    1.6232    1.4154    1.2578    1.1494    1.0812    1.0415    1.0199    1.0086    1.0024    1.0000
